9460301
3
4
65535
184
0
64
0
0
0
0
0
0
0
0
128
247078670
-855002112
1275181089
1750344141
1881174889
1919381362
1663069537
1869508193
1700929652
1853190688
544106784
542330692
1701080941
168627502
36
0
17744
1345124
1678762369
323072
1938
2490608
637665803
15360
300032
1024
4342
4096
599523328
32759
4096
512
4
0
131077
0
385024
1536
427082
23068674
2097152
0
4096
0
1048576
0
4096
0
0
16
0
0
49152
3748
61440
270576
36864
888
0
0
335872
156
0
0
0
0
0
0
25344
40
0
0
0
0
50116
744
0
0
0
0
0
0
2019914798
116
15064
4096
15360
1536
0
0
0
1610612832
1952539694
97
320
20480
512
16896
0
0
0
-1073741760
1633972782
24948
4880
24576
5120
17408
0
0
0
1073741888
13359
0
4
32768
512
22528
0
0
0
-1073741760
1633972270
24948
888
36864
1024
23040
0
0
0
1073741888
1633974318
24948
924
40960
1024
24064
0
0
0
1073741888
1936941614
0
576
45056
0
0
0
0
0
-1073741696
1633970478
24948
3748
49152
4096
25088
0
0
0
-1073741760
1414677294
0
96
53248
512
29184
0
0
0
-1073741760
1936487470
0
16
57344
512
29696
0
0
0
-1073741760
1920168494
99
270576
61440
270848
30208
0
0
0
-1073741760
1818587694
25455
156
335872
512
301056
0
0
0
1107296320
3420463
0
176
339968
512
301568
0
0
0
1107296320
3748399
0
13149
344064
13312
302080
0
0
0
1107296320
3224623
0
1388
360448
1536
315392
0
0
0
1107296320
3487023
0
1576
364544
2048
316928
0
0
0
1107296320
3618351
0
840
368640
1024
318976
0
0
0
1107296320
3160111
0
243
372736
512
320000
0
0
0
1107296320
3225903
0
1612
376832
2048
320512
0
0
0
